00725051
00440377
00459780
00331049
00040758
00934500
00576186
00381215
00576799
00201747
00110249
00206194
00420463
00550205
00851144
00131227
00168294
00864196
00951345
00029677
00703296
00075483
00309308
00078827
00932569
00130794
00450665
00657962
00622429
00322025
00672429
00222988
00136141
00442994
00223347
00686604
00714056
00915919
00756112
00628114
00453173
00012256
00862427
00993389
00611978
00477587
00221507
00498033
00374532
00457126
00970071
00948275
00103545
00720120
00899497
00449301
00009560
00402178
00728020
00483452
00222713
00119296
00673286
00424588
00755560
00283034
00983890
00891021
00541054
00814043
00934953
00331818
00204404
00043287
00574396
00069664
00508521
00324319
00536791
00547342
00857961
00221343
00549726
00219725
00286944
00494533
00170035
00748049
00560519
00061991
00814949
00751160
00203771
00266522
00986093
00867634
00550578
00959723
00075260
00232467
00689606
00187038
00908877
00934199
00452769
00869404
00639014
00513249
00045835
00518905
00871932
00764394
00049006
00970112
00518377
00684088
00977772
00599360
00335302
00215871
00538583
00426105
00448879
00889811
00668778
00282120
00168308
00609168
00445294
00569962
00970933
00758194
00878592
00482187
00774498
00188054
00263150
00765712
00108246
00408407
00454935
00845517
00557506
00657257
00149471
00165834
00616727
00777994
00468822
00963364
00779529
00644473
00010156
00524653
00996598
00282292
00787171
00168303
00797986
00465101
00577794
00066828
00874113
00072062
00412018
00423930
00127911
00634583
00033026
00017021
00790060
00720600
00186802
00726955
00426555
00995843
00168347
00368870
00560995
00927298
00328348
00029268
00060081
00178029
00618714
00269364
00639283
00429957
00056264
00104129
00591467
00118003
00404288
00655506
00132161
00629651
00545131
00739745
00126796
00979487
00614496
00869172
00080606
00714765
00572534
00921433
00585785
00692215
00533936
00455437
00168337
00104282
00544311
00183333
00428889
00219717
00405374
00444971
00482041
00550500
00470644
00943350
00249555
00670717
00553929
00221261
00523943
00131022
00670873
00335384
00458624
00168316
00064523
00534630
00141234
00898577
00325745
00920584
00398278
00299541
00430225
00805100
00433581
00241640
00673472
00908803
00703157
00120084
00850148
00428491
00558639
00669390
00689609
00168298
00132322
00517261
00211538
00474949
00824051
00787361
00874349
00271918
00580752
00633394
00137623
00436407
00910763
00457436
00386595
00653363
00554083
00686896
00080305
00953117
00538575
00894944
00284413
00450663
00958973
00118232
00732458
00173530
00937850
00290363
00891509
00295425
00663495
00562896
00085294
00312427
00472363
00974350
00599958
00930335
00615985
00695133
00353801
00526084
00060249
00039641
00352173
00633664
00704445
00428389
00584864
00132261
00623258
00680694
00970934
00450451
00963696
00219749
00616543
00754996
00472927
00227927
00375592
00296677
00838834
00599359
00331004
00932450
00952513
00474750
00485804
00682731
00195926
00070873
00382618
00767170
00104350
00277171
00466092
00339245
00408695
00290812
00349779
00871266
00532667
00699003
00874601
00124820
00623652
00681775
00975049
00367193
00086250
00701472
00480044
00544282
00828496
00965698
00454167
00522363
00099604
00370886
00505047
00188753
00594739
00471988
00968765
00026904
00921082
00113903
00482166
00561830
00027003
00332418
00465884
00503854
00428314
00859834
00385407
00661139
00708440
00366206
00186493
00158446
00751997
00395185
00720559
00469772
00552226
00921942
00271667
00741417
00309836
00894542
00796919
00661724
00325856
00692728
00365346
00143090
00555766
00759405
00754309
00440495
00353229
00531844
00223678
00168290
00852228
00348509
00092679
00405889
00001009
00168296
00157135
00534628
00184791
00755929
00879064
00545337
00360775
00940602
00453349
00824640
00973743
00950226
00652518
00548474
00399763
00416069
00681754
00332177
00708558
00764446
00221025
00585750
00640772
00378261
00933452
00329147
00322220
00254455
00178800
00998653
00168342
00996077
00708561
00960152
00630047
00731216
00921630
00874885
00603094
00736414
00443628
00956153
00921536
00453870
00347949
00192517
00639756
00602642
00929345
00013895
00408194
00851268
00470976
00871508
00418475
00620241
00763321
00492167
00911896
00877138
00294054
00946995
00698868
00690845
00293792
00746903
00542478
00027004
00683789
00403886
00619632
00648475
00421121
00532062
00581209
00525698
00760136
00319659
00452109
00880428
00638727
00364396
00157279
00994791
00270271
00514695
00826794
00036303
00568007
00058995
00755502
00498541
00144308
00685037
00472310
00249824
00051701
00346830
00053516
00610700
00205165
00366406
00363552
00685981
00249707
00367687
00946890
00979946
00690752
00992525
00517626
00351405
00415137
00653900
00539388
00184799
00707663
00754181
00895512
00050419
00749910
00776420
00460344
00644060
00987192
00505050
00263148
00788992
00123301
00540765
00255725
00825730
00759434
00893326
00033686
00633023
00666522
00054423
00782937
00743106
00836886
00017858
00062525
00637088
00140058
00319886
00679258
00408878
00628110
00773056
00211211
00139563
00391655
00110956
00344376
00945680
00780099
00988110
00280013
00664625
00839347
00819185
00770143
00738007
00727976
00581218
00692988
00224747
00797476
00583115
00075184
00822407
00028346
00745089
00833847
00474754
00696072
00248147
00828218
00033679
00620665
00759341
00551231
00162900
00381075
00866950
00417824
00122006
00518830
00966833
00203580
00930653
00839557
00051768
00587930
00533034
00850515
00138848
00225254
00760216
00632246
00331078
00020001
00758629
00198534
00180817
00151615
00560734
00306114
00669081
00521912
00455649
00723035
00805102
00539116
00909203
00429373
00109743
00186766
00228598
00998654
00269808
00447137
00984009
00891501
00430638
00837995
00783966
00987069
00626546
00433238
00221012
00768217
00627724
00949290
00149262
00591360
00904648
00005081
00636994
00183523
00140890
00391466
00471818
00566365
00896646
00048412
00150023
00363858
00514405
00384342
00219865
00574458
00753280
00241277
00508038
00249451
00099422
00779260
00474835
00515548
00731778
00516444
00316985
00630059
00742083
00759541
00055064
00549392
00144530
00354464
00865355
00020272
00046773
00658977
00532894
00578078
00491648
00147631
00918220
00653441
00151073
00227751
00844095
00329525
00174259
00944161
00691769
00092762
00500925
00168292
00068880
00035934
00331949
00421541
00523780
00657775
00275350
00794024
00937609
00760439
00202525
00346318
00084272
00628558
00150877
00639468
00926140
00839346
00804873
00342277
00931695
00880197
00429752
00884548
00001705
00776828
00804323
00657932
00932304
00534882
00365252
00126179
00200350
00779065
00472623
00579141
00737371
00951255
00440380
00063292
00539068
00054877
00988719
00387546
00689621
00161409
00290221
00962470
00855854
00953522
00662229
00869895
00448669
00905281
00911789
00978676
00689603
00608410
00635199
00534632
00049825
00251004
00477181
00997996
00691013
00874655
00005125
00196959
00065686
00103611
00635712
00653653
00610164
00700845
00700474
00826541
00264595
00589464
00641685
00588994
00924501
00221976
00577329
00470513
00193684
00701572
00804695
00899672
00134654
00508108
00147840
00677974
00750250
00566822
00478224
00970113
00398104
00244895
00233698
00792955
00287019
00424818
00653657
00759312
00152464
00488942
00660448
00505536
00836879
00161406
00412137
00815196
00550878
00623461
00661320
00659830
00660361
00311502
00219727
00498301
00328829
00038797
00727972
00635492
00794726
00657776
00999154
00362586
00139810
00009998
00006669
00925798
00426388
00159175
00816433
00042360
00274502
00411384
00302881
00528757
00891608
00388016
00778647
00283656
00852629
00294546
00011418
00129503
00397670
00386810
00375075
00469933
00659831
00152967
00424725
00829866
00695907
00690558
00498849
00662522
00168447
00619797
00456347
00577752
00233979
00282982
00215442
00948910
00736415
00050953
00634039
00980080
00329066
00672991
00662165
00962192
00564383
00237550
00306779
00389959
00638425
00149814
00888805
00896963
00224344
00473055
00577541
00091232
00501042
00412872
00404983
00894756
00519990
00087035
00651965
00708311
00378979
00440653
00286597
00308916
00719972
00620871
00300447
00665901
00292275
00905915
00676510
00490258
00451928
00943372
00389643
00318110
00702856
00801209
00889756
00948013
00594398
00734963
00986847
00459061
00075074
00661036
00494523
00450341
00077333
00455470
00658243
00932407
00283835
00708642
00657945
00483056
00807533
00505745
00750860
00776826
00124695
00286608
00335147
00971629
00476712
00762583
00168283
00546366
00167844
00651878
00810178
00916640
00016166
00352772
00991249
00423325
00311111
00725416
00594840
00961744
00727980
00760301
00563503
00219345
00656481
00050873
00298312
00959489
00992512
00133499
00915161
00917194
00698966
00728714
00059745
00728054
00768095
00770095
00251280
00776576
00364595
00221049
00662378
00954441
00219949
00779348
00751604
00520669
00331001
00689632
00522528
00823346
00564125
00156031
00470067
00998603
00255975
00750912
00527037
00956458
00939907
00104661
00346189
00331057
00168300
00228184
00219714
00138860
00843757
00817364
00222593
00600476
00754957
00369885
00319376
00671334
00872401
00338033
00690006
00459669
00168352
00891502
00720742
00441378
00213460
00004934
00417795
00844745
00851311
00505634
00899734
00152434
00378859
00585353
00769929
00072060
00797088
00633897
00226378
00958192
00556744
00577461
00124735
00549332
00553479
00779201
00055078
00161733
00282814
00150888
00237558
00496969
00308659
00602786
00774841
00994582
00850959
00885375
00847682
00386028
00217159
00472297
00161405
00878852
00734581
00312214
00295976
00592842
00751994
00652970
00233976
00036341
00122111
00329189
00949585
00148922
00092425
00405844
00686986
00116843
00945551
00447655
00759436
00255141
00123190
00919912
00456363
00671801
00703759
00079635
00958652
00857706
00127948
00249505
00555520
00394350
00194208
00005087
00386742
00221888
00645383
00084857
00704330
00343994
00546437
00487256
00578055
00839037
00586267
00540970
00884759
00294477
00551194
00089892
00432934
00009935
00274371
00106987
00779231
00400902
00765000
00000126
00175507
00132071
00204261
00708119
00161520
00763741
00500170
00512113
00021896
00242466
00465811
00709127
00052657
00752577
00283236
00792490
00541735
00411788
00755691
00805099
00414550
00502231
00563444
00098050
00885189
00173087
00820425
00117167
00427110
00119818
00933733
00136594
00866872
00099331
00932798
00741085
00176570
00156289
00611392
00547516
00603419
00834475
00660972
00611025
00522136
00477501
00594675
00009828
00029786
00852938
00381678
00424026
00714590
00914668
00795815
00061842
00043863
00709447
00700951
00599195
00103612
00502154
00746989
00752801
00501374
00580682
00853646
00502751
00608084
00183679
00689586
00155796
00060065
00628490
00103087
00585858
00805101
00736979
00470962
00703251
00120127
00673282
00059807
00547695
00840136
00896559
00168314
00173093
00767739
00004935
00407048
00948224
00043220
00820922
00064235
00387524
00418281
00355430
00080139
00399104
00899006
00119666
00657772
00075406
00878338
00029051
00951178
00071257
00233978
00697801
00234747
00109283
00355033
00013532
00244323
00602505
00832328
00470640
00874025
00219883
00849568
00547880
00739050
00454414
00702877
00219934
00905062
00287958
00751996
00319749
00427118
00864343
00390321
00570907
00286554
00207838
00759478
00220458
00164535
00972033
00978605
00708657
00775591
00566568
00220872
00444914
00083130
00437074
00153422
00385266
00734297
00088002
00468704
00476441
00953343
00923107
00427128
00477253
00290411
00901595
00171298
00652780
00950962
00507997
00504938
00117878
00843300
00751995
00644908
00121089
00168273
00716434
00294639
00954822
00621867
00275375
00119476
00169690
00422091
00063402
00736037
00040763
00499478
00037911
00946607
00533546
00692518
00139754
00468916
00887851
00788676
00034482
00625222
00112427
00594527
00663359
00370562
00526460
00429307
00037913
00244604
00653661
00547380
00563059
00189735
00580709
00220722
00847102
00634706
00054185
00413938
00832649
00652659
00698368
00198391
00517013
00358406
00543635
00901740
00036299
00186262
00145552
00958349
00695610
00578457
00739073
00566452
00905150
00988795
00161421
00248284
00844334
00923385
00151282
00606004
00094683
00644606
00413152
00185445
00074172
00474773
00208373
00491828
00026661
00061990
00765160
00053988
00337514
00852067
00489993
00386220
00388990
00329218
00817805
00161410
00998892
00769393
00362582
00119286
00752062
00627687
00180554
00522700
00848981
00213712
00760910
00078405
00664165
00573035
00084758
00451534
00764559
00377795
00540760
00393912
00376579
00692645
00754448
00319375
00161900
00138845
00491112
00890765
00729792
00569100
00754297
00630702
00752249
00764413
00315697
00756499
00977967
00174112
00666702
00559862
00613027
00867271
00852054
00737903
00117338
00055005
00948416
00554794
00786274
00417372
00499230
00337463
00192480
00980651
00786631
00375480
00119907
00650345
00551455
00742691
00971135
00954782
00966128
00148713
00841284
00289855
00172391
00219722
00079359
00739065
00689999
00994306
00151824
00792954
00320286
00099235
00959988
00173618
00112114
00746992
00761036
00421545
00622978
00519079
00615585
00689624
00557597
00390442
00218886
00805106
00390176
00104347
00467268
00226005
00707160
00228227
00462056
00103637
00086989
00566715
00586096
00352308
00550397
00354842
00734811
00219720
00725907
00731646
00063660
00847792
00727453
00028055
00509361
00393150
00945383
00773805
00104202
00896170
00116242
00860993
00118231
00376504
00779414
00477183
00685980
00728024
00158023
00225362
00063176
00368069
00871617
00120409
00534631
00530173
00792768
00101448
00354305
00876868
00633919
00556950
00379792
00557505
00873478
00538912
00358330
00283314
00153703
00986597
00396021
00673033
00384143
00520426
00417739
00306813
00541238
00355660
00695850
00391925
00036302
00089765
00815396
00343549
00708441
00716156
00569114
00549805
00434016
00141232
00258110
00693765
00651624
00542077
00616186
00513224
00433629
00555166
00455680
00240866
00216160
00582257
00976336
00918119
00873287
00156498
00955099
00492278
00219906
00726790
00283418
00833545
00887066
00622007
00213378
00533514
00534067
00645281
00671138
00004108
00686811
00594474
00736197
00575270
00282216
00044578
00295977
00409109
00129441
00793864
00777054
00817094
00387986
00647727
00063106
00127650
00657774
00433014
00629131
00905892
00525845
00582773
00654896
00232042
00967903
00775876
00477184
00586794
00637286
00662134
00191404
00895922
00201955
00289118
00186429
00252979
00821444
00875745
00959734
00988566
00490187
00222490
00353325
00116283
00125825
00084882
00463889
00898594
00072636
00049383
00902881
00654851
00194699
00242270
00026599
00075529
00467839
00001010
00963543
00057931
00494341
00196908
00381863
00725308
00252160
00798306
00471262
00400772
00029935
00744552
00219925
00736406
00628112
00363659
00378694
00759076
00040313
00438108
00670034
00490922
00529139
00639539
00420235
00572176
00070100
00979254
00017712
00133667
00371202
00052984
00267511
00569583
00203946
00303571
00144100
00991018
00839643
00401747
00997468
00650446
00983367
00331280
00166198
00870191
00049500
00218729
00599099
00467033
00158714
00642066
00729231
00139762
00914764
00878905
00495558
00509649
00501309
00120315
00201635
00162449
00841784
00730854
00643917
00550654
00010268
00516253
00749516
00885949
00848640
00678287
00019444
00189810
00160228
00471683
00755073
00680578
00734709
00324700
00972731
00538649
00327687
00364545
00679259
00460379
00798106
00013531
00569800
00200801
00168332
00244321
00914891
00077239
00652168
00414762
00366913
00726664
00781207
00492511
00416131
00719975
00258103
00897286
00472084
00473961
00020346
00720127
00744636
00931835
00726469
00259619
00547119
00049568
00562122
00323973
00227041
00056547
00247502
00413849
00460063
00703158
00041030
00708034
00795066
00174062
00507995
00309307
00990981
00589907
00506063
00044997
00202988
00693477
00038956
00384287
00988923
00794178
00139713
00889838
00571120
00193867
00111344
00363234
00957351
00630293
00990983
00220036
00126123
00850229
00984148
00111084
00251776
00604521
00590465
00168344
00492479
00407666
00715398
00901432
00135515
00406071
00101812
00167277
00354612
00412220
00246768
00470961
00150630
00380391
00782663
00187314
00310088
00199689
00727982
00093315
00902041
00974946
00106401
00599284
00880013
00209683
00728653
00760761
00821101
00512191
00257961
00618223
00306468
00823644
00534637
00039175
00821689
00884529
00653332
00639016
00661118
00098141
00329254
00683443
00219855
00213690
00104741
00999445
00248210
00568499
00491249
00218957
00987368
00572730
00498904
00049379
00444037
00543307
00258109
00098884
00109688
00513566
00959915
00380311
00499694
00880452
00331965
00776856
00254987
00505048
00114804
00807277
00786227
00564775
00828847
00400527
00852071
00764397
00743315
00416423
00633920
00576122
00064656
00657771
00085162
00525129
00578356
00388435
00507694
00996242
00080222
00420868
00722053
00497154
00329607
00114549
00799950
00751751
00717676
00905986
00060247
00572672
00362590
00372740
00509265
00329865
00097286
00600745
00259381
00927763
00442660
00948393
00891376
00328184
00483168
00009829
00898337
00528619
00366576
00158621
00029696
00668316
00258344
00724222
00028139
00108244
00214983
00036754
00981043
00775490
00797901
00221010
00458460
00968851
00079637
00476998
00286747
00651569
00223243
00213142
00024078
00545009
00515843
00219922
00875044
00477110
00017018
00426751
00845318
00250153
00443375
00540825
00496117
00797433
00441739
00504817
00197517
00174872
00683308
00038890
00803787
00391576
00172197
00602789
00978504
00722885
00640013
00879712
00681758
00002964
00393969
00948279
00947296
00715696
00159046
00263270
00420941
00993418
00222168
00519381
00000272
00325133
00710990
00527833
00885493
00917341
00869411
00876754
00181083
00226545
00168286
00758946
00185593
00234631
00383639
00850918
00238191
00451288
00574553
00531352
00759512
00322078
00387406
00519144
00077360
00438289
00524427
00872431
00166416
00661077
00017746
00759394
00974549
00551606
00620034
00890871
00330326
00390482
00666016
00659832
00364659
00953198
00752401
00174411
00876064
00717275
00867272
00754983
00963542
00622494
00638749
00044766
00934257
00099513
00919344
00291579
00746382
00358483
00124257
00465679
00081352
00938510
00154877
00179937
00413668
00833928
00731647
00751993
00161408
00830090
00380706
00745982
00351078
00998652
00743616
00600475
00872456
00036650
00507324
00018416
00817216
00201652
00219709
00193262
00870273
00331008
00034078
00403409
00274346
00329343
00505049
00999153
00611788
00658661
00036827
00990594
00538894
00489327
00508538
00101913
00771521
00836618
00393631
00830542
00995224
00564942
00714158
00499376
00897332
00498620
00164269
00267520
00844823
00791956
00178471
00552969
00424371
00056518
00039265
00298582
00369682
00282932
00052293
00379652
00222573
00356963
00424962
00453348
00652391
00612269
00651212
00114172
00662817
00558033
00831876
00757068
00598309
00368314
00504568
00771374
00973600
00549593
00498506
00167942
00208501
00805466
00176605
00899005
00169741
00556679
00137494
00213655
00849308
00349934
00017777
00888581
00914145
00753710
00259478
00901971
00664686
00180241
00657777
00773423
00017599
00727608
00540378
00584589
00408379
00654820
00322088
00649689
00388472
00869056
00689635
00602668
00219891
00237811
00785848
00953341
00948226
00475169
00570669
00677620
00388569
00122204
00538207
00708654
00029841
00440706
00284047
00518697
00176677
00799686
00544153
00137077
00464780
00258900
00978821
00851419
00214853
00732103
00865117
00910638
00836875
00708645
00168270
00130638
00641868
00735723
00326516
00249473
00425503
00672215
00645798
00500171
00729349
00308410
00046673
00728092
00358267
00418161
00104824
00328920
00202338
00782478
00066943
00455113
00539339
00898657
00359146
00692820
00495617
00863012
00415339
00603091
00463180
00929215
00556301
00711789
00620738
00756588
00022480
00313946
00663284
00966209
00111681
00581436
00421858
00423827
00125186
00148379
00346055
00419522
00944162
00639029
00720231
00105470
00363176
00740565
00696330
00580787
00688660
00582991
00321985
00135510
00911396
00523900
00690294
00875116
00340558
00068900
00866701
00640035
00467220
00020328
00168288
00168275
00727971
00249504
00369595
00493945
00611602
00407587
00250067
00994019
00843362
00851017
00283579
00771643
00533693
00934976
00853541
00922564
00068098
00970070
00168277
00708033
00550301
00948138
00929438
00720121
00695707
00032360
00392792
00459207
00259212
00143995
00223803
00377693
00737133
00645650
00318748
00919563
00899276
00336662
00157263
00327791
00359640
00711941
00919157
00577701
00591686
00591528
00804565
00264988
00119002
00777055
00148170
00615995
00689612
00759526
00071051
00440496
00421120
00433233
00174091
00764880
00793863
00199024
00851688
00902776
00411719
00767064
00384367
00814560
00895712
00512161
00180924
00811876
00967170
00244726
00208452
00709723
00638475
00600525
00653652
00036994
00355584
00103027
00720422
00460203
00855977
00478077
00954953
00664675
00765359
00993928
00506360
00671674
00246079
00786830